wall-left,0,0,16,16
wall-middle,16,0,16,16
sprite3,32,0,16,16
wall-middle-with-dirt,48,0,16,16
sprite5,64,0,16,16
wall-right,80,0,16,16
sprite7,96,0,16,16
sprite8,112,0,16,16
sprite9,128,0,16,16
sprite10,144,0,16,16
sprite11,0,16,16,16
floor-full-border,16,16,16,16
sprite13,32,16,16,16
sprite14,48,16,16,16
sprite15,64,16,16,16
sprite16,80,16,16,16
sprite17,96,16,16,16
sprite18,112,16,16,16
sprite19,128,16,16,16
sprite20,144,16,16,16
sprite21,0,32,16,16
sprite22,16,32,16,16
sprite23,32,32,16,16
floor-normal,48,32,16,16
sprite25,64,32,16,16
sprite26,80,32,16,16
sprite27,96,32,16,16
sprite28,112,32,16,16
sprite29,128,32,16,16
sprite30,144,32,16,16
sprite31,0,48,16,16
sprite32,16,48,16,16
sprite33,32,48,16,16
sprite34,48,48,16,16
sprite35,64,48,16,16
sprite36,80,48,16,16
gate-left,96,48,16,16
gate-right,112,48,16,16
shield,128,48,16,16
sprite40,144,48,16,16
wall-bottom-left,0,64,16,16
sprite42,16,64,16,16
wall-bottom,32,64,16,16
sprite44,48,64,16,16
sprite45,64,64,16,16
wall-bottom-right,80,64,16,16
sprite47,96,64,16,16
sprite48,112,64,16,16
sprite49,128,64,16,16
sprite50,144,64,16,16
sprite51,0,80,16,16
sprite52,16,80,16,16
sprite53,32,80,16,16
sprite54,48,80,16,16
sprite55,64,80,16,16
sprite56,80,80,16,16
sprite57,96,80,16,16
sprite58,112,80,16,16
sprite59,128,80,16,16
sprite60,144,80,16,16
sprite61,0,96,16,16
sprite62,16,96,16,16
sprite63,32,96,16,16
sprite64,48,96,16,16
sprite65,64,96,16,16
sprite66,80,96,16,16
sprite67,96,96,16,16
sprite68,112,96,16,16
bone,128,96,16,16
sprite70,144,96,16,16
sprite71,0,112,16,16
sprite72,16,112,16,16
sprite73,32,112,16,16
sprite74,48,112,16,16
flag,64,112,16,16
sprite76,80,112,16,16
sprite77,96,112,16,16
skeleton,112,112,16,16
sprite79,128,112,16,16
sprite80,144,112,16,16
sprite81,0,128,16,16
sprite82,16,128,16,16
sprite83,32,128,16,16
sprite84,48,128,16,16
sprite85,64,128,16,16
sprite86,80,128,16,16
coin,96,128,16,16
sprite88,112,128,16,16
key-silver,128,128,16,16
sprite90,144,128,16,16
torch,0,144,16,16
sprite92,16,144,16,16
sprite93,32,144,16,16
sprite94,48,144,16,16
sprite95,64,144,16,16
sprite96,80,144,16,16
sprite97,96,144,16,16
sprite98,112,144,16,16
sprite99,128,144,16,16
key-gold,144,144,16,16